0 57224
1 57122
2 57335
3 57598
4 57354
5 57139
6 57403
7 56772
8 57051
9 57689
10 57445
11 57353
12 57377
13 57320
14 57213
15 57012
16 57113
17 57391
18 57552
19 57180
20 57423
21 57307
22 57430
23 57592
24 57559
25 56831
26 56987
27 56889
28 56932
29 57440
30 57356
31 57215
32 57402
33 57768
34 56882
35 57206
36 57111
37 57378
38 57395
39 57217
40 57432
41 57323
42 57622
43 57188
44 57574
45 57454
46 57574
47 56961
48 57323
49 57479
50 57647
51 57159
52 57326
53 57539
54 57731
55 57774
56 57395
57 57432
58 57214
59 57766
60 57261
61 57251
62 57024
63 57147
64 57128
65 57530
66 57291
67 57253
68 57430
69 56707
70 57524
71 57608
72 57062
73 57379
74 57157
75 57131
76 57546
77 57371
78 57188
79 57464
80 57313
81 56710
82 57461
83 57302
84 57405
85 57412
86 57080
87 57074
88 57459
89 57301
90 57624
91 57080
92 57523
93 57496
94 57512
95 57304
96 57614
97 57269
98 57300
99 56764
100 57331
101 57312
102 57117
103 57348
104 57314
105 57417
106 57264
107 57183
108 57492
109 57244
110 57162
111 57264
112 57091
113 57308
114 57379
115 57973
116 57325
117 57572
118 57311
119 57024
120 57300
121 57490
122 57348
123 56934
124 57114
125 57220
126 57787
127 57583
128 57282
129 57705
130 57207
131 57291
132 57317
133 57379
134 57341
135 57436
136 56950
137 57723
138 57021
139 56910
140 57394
141 57178
142 57566
143 57216
144 57602
145 57454
146 57548
147 57171
148 57568
149 56748
150 57657
151 57422
152 57497
153 57149
154 56792
155 57209
156 57436
157 57481
158 57035
159 56965
160 56777
161 56850
162 57716
163 57435
164 57158
165 57332
166 57202
167 57680
168 57637
169 57365
170 57345
171 57826
172 57350
173 57126
174 57040
175 57307
176 57365
177 57582
178 57535
179 57229
180 57359
181 57078
182 56712
183 57017
184 57763
185 57289
186 57443
187 57219
188 56930
189 57370
190 57128
191 57279
192 57205
193 57099
194 57081
195 57447
196 57154
197 57254
198 57559
199 57675
200 57118
201 56805
202 57102
203 57429
204 57406
205 57609
206 57527
207 57038
208 57038
209 57611
210 57373
211 57091
212 57529
213 57155
214 57153
215 57465
216 57255
217 57124
218 57746
219 57537
220 57122
221 57850
222 57107
223 57375
224 57220
225 57090
226 57337
227 57400
228 57071
229 57224
230 57265
231 57418
232 57703
233 57259
234 57423
235 57192
236 57565
237 57103
238 56884
239 57576
240 57403
241 57673
242 57520
243 57461
244 57418
245 57659
246 57712
247 57272
248 57227
249 57471
250 57564
251 57726
252 57508
253 57359
254 57035
255 57303
256 57440
257 57481
258 57298
259 57638
260 57671
261 57085
262 57523
263 57624
264 56789
265 57132
266 56881
267 57236
268 57327
269 57024
270 57521
271 57252
272 57451
273 57193
274 57193
275 57609
276 57352
277 57569
278 57152
279 57322
280 57482
281 57561
282 57133
283 57408
284 56990
285 57504
286 57447
287 57066
288 57222
289 57400
290 57164
291 57259
292 57540
293 57080
294 57545
295 56979
296 57356
297 57133
298 57717
299 57558
300 57285
301 57112
302 56928
303 57663
304 57365
305 57556
306 57419
307 57290
308 57059
309 57241
310 57405
311 56974
312 57769
313 57557
314 57399
315 57510
316 57678
317 57550
318 57423
319 57467
320 57185
321 57653
322 56804
323 57166
324 57269
325 57657
326 57108
327 57203
328 57411
329 57143
330 57112
331 57179
332 57494
333 57719
334 57609
335 56957
336 56954
337 57668
338 57426
339 57549
340 57099
341 56950
342 57133
343 57395
344 57595
345 56819
346 57374
347 57317
348 57308
349 57237
350 57119
351 57571
352 56991
353 57501
354 57202
355 57159
356 57434
357 56787
358 57159
359 56999
360 57663
361 57328
362 57409
363 57540
364 57546
365 57328
366 57782
367 57056
368 57445
369 57380
370 57167
371 57285
372 57655
373 56706
374 57310
375 57518
376 57107
377 57378
378 57390
379 56972
380 57797
381 57479
382 57358
383 57396
384 57184
385 57164
386 57187
387 57230
388 57058
389 57331
390 57316
391 57324
392 57196
393 56979
394 57041
395 57030
396 57160
397 57709
398 57388
399 57246
400 57184
401 57734
402 57463
403 57381
404 57090
405 57088
406 57533
407 57229
408 57541
409 57420
410 56958
411 57183
412 57158
413 57213
414 57818
415 57544
416 56691
417 57832
418 56930
419 57158
420 57589
421 57484
422 57329
423 57362
424 56997
425 57434
426 57640
427 57407
428 57274
429 57647
430 57109
431 57411
432 57187
433 56987
434 57203
435 57461
436 57579
437 57136
438 57089
439 57524
440 57063
441 57211
442 57110
443 57336
444 57491
445 57263
446 57305
447 57039
448 57417
449 57591
450 57232
451 57454
452 57122
453 57455
454 57183
455 57415
456 57528
457 57461
458 57356
459 57280
460 56936
461 57168
462 57602
463 57207
464 57066
465 57036
466 57115
467 57204
468 57082
469 57417
470 57203
471 57350
472 57571
473 57206
474 57094
475 57495
476 57138
477 57054
478 57215
479 57309
480 56846
481 57421
482 57147
483 57498
484 57067
485 57392
486 57078
487 57141
488 57714
489 57353
490 56784
491 56917
492 57505
493 57558
494 57430
495 57310
496 57147
497 57592
498 57604
499 57398
500 57317
501 57456
502 57866
503 57641
504 57409
505 57602
506 57215
507 57437
508 56951
509 57147
510 57307
511 57431
512 57294
513 57077
514 57357
515 57592
516 56976
517 57153
518 56978
519 57518
520 57034
521 57376
522 57351
523 57397
524 56853
525 57537
526 57396
527 57403
528 57165
529 57396
530 57481
531 58029
532 56761
533 57499
534 57562
535 57095
536 57384
537 57391
538 57459
539 57647
540 57234
541 56925
542 57113
543 56884
544 57096
545 57264
546 57395
547 57217
548 57735
549 57404
550 57177
551 57363
552 57528
553 57250
554 57257
555 57418
556 57276
557 57817
558 57388
559 57047
560 57437
561 57018
562 57557
563 57500
564 57529
565 57343
566 57471
567 57452
568 57150
569 57257
570 57522
571 57129
572 57059
573 57140
574 57356
575 57132
576 57697
577 57179
578 57719
579 57393
580 57570
581 57023
582 57173
583 57263
584 57135
585 57232
586 56884
587 56960
588 57123
589 57136
590 57054
591 57063
592 56894
593 57629
594 57194
595 57284
596 57538
597 57079
598 57175
599 57532
600 57287
601 56841
602 57177
603 57126
604 57561
605 57613
606 57671
607 57584
608 57106
609 57421
610 57273
611 57180
612 57410
613 57312
614 57672
615 57059
616 57538
617 57377
618 57088
619 56773
620 57492
621 57332
622 57401
623 57295
624 57087
625 57207
626 57494
627 57520
628 57669
629 57535
630 56931
631 57422
632 57223
633 57379
634 57201
635 57112
636 57238
637 57388
638 56867
639 57409
640 57045
641 57512
642 57356
643 56923
644 57074
645 57360
646 57753
647 57501
648 57373
649 57157
650 57029
651 57440
652 57383
653 57221
654 57427
655 57193
656 57760
657 57473
658 57501
659 57586
660 57045
661 57785
662 57321
663 57698
664 57323
665 57157
666 57482
667 57371
668 57118
669 57248
670 57436
671 57564
672 56934
673 56969
674 57061
675 57330
676 57167
677 56957
678 57642
679 56654
680 57483
681 57244
682 57871
683 57113
684 57556
685 57252
686 57105
687 57405
688 57331
689 57338
690 56978
691 57412
692 57331
693 57111
694 57542
695 57192
696 57169
697 57162
698 57905
699 57431
700 57517
701 57007
702 57254
703 57280
704 57818
705 57299
706 57246
707 57427
708 57263
709 57613
710 57447
711 57283
712 57313
713 57404
714 57397
715 57869
716 57368
717 57568
718 57312
719 57433
720 57433
721 56973
722 57311
723 57625
724 57265
725 57151
726 57193
727 56892
728 57138
729 57454
730 57583
731 56875
732 57240
733 57265
734 57581
735 57408
736 57071
737 57251
738 57380
739 57264
740 57492
741 57457
742 57308
743 57259
744 57537
745 57290
746 57496
747 57385
748 57404
749 57726
750 57365
751 57571
752 56876
753 57137
754 57511
755 57331
756 57311
757 57309
758 57212
759 57260
760 57260
761 57142
762 57680
763 56972
764 57241
765 57664
766 57296
767 57050
768 57764
769 57249
770 57104
771 57023
772 57134
773 57035
774 57516
775 57102
776 57398
777 57683
778 57482
779 57360
780 57295
781 57065
782 57578
783 57436
784 58079
785 57448
786 57170
787 57167
788 57455
789 57620
790 57206
791 57395
792 57202
793 57295
794 57746
795 57361
796 57577
797 57238
798 57243
799 57664
800 57538
801 57183
802 57369
803 57229
804 57197
805 57508
806 57730
807 57121
808 57078
809 57294
810 57148
811 57658
812 57244
813 57478
814 57531
815 57622
816 57476
817 57182
818 57218
819 57298
820 57878
821 56882
822 57263
823 57205
824 57333
825 57376
826 57202
827 57407
828 57433
829 57285
830 57308
831 57660
832 57637
833 56926
834 57161
835 57186
836 57399
837 57641
838 57701
839 57720
840 57074
841 57448
842 57081
843 56882
844 57359
845 57181
846 57338
847 57150
848 57255
849 57022
850 57420
851 57244
852 57063
853 57133
854 56905
855 57719
856 57560
857 57474
858 57398
859 57336
860 57225
861 57135
862 57186
863 57188
864 57327
865 57077
866 57484
867 57291
868 57133
869 57308
870 57212
871 57616
872 57570
873 57698
874 57102
875 57448
876 57464
877 57452
878 57297
879 57512
880 57380
881 57474
882 57540
883 57248
884 57401
885 57278
886 57270
887 57548
888 57754
889 57359
890 57167
891 57282
892 57163
893 56877
894 57198
895 57492
896 57287
897 57525
898 57850
899 57248
900 57283
901 57440
902 57565
903 57317
904 57356
905 57609
906 57601
907 57640
908 57565
909 57006
910 57097
911 57447
912 57340
913 56981
914 57452
915 57491
916 57155
917 57330
918 57117
919 56987
920 57618
921 57287
922 57211
923 57431
924 57281
925 57339
926 56948
927 57715
928 57145
929 57056
930 57182
931 57479
932 57492
933 57319
934 57494
935 57179
936 57501
937 57282
938 57717
939 57632
940 57237
941 57511
942 57428
943 57026
944 57661
945 57238
946 57185
947 57361
948 56966
949 57643
950 57315
951 57388
952 57643
953 57099
954 57242
955 57335
956 57889
957 57502
958 57364
959 57651
960 57322
961 57426
962 57619
963 57297
964 57758
965 57512
966 57272
967 57090
968 57309
969 57584
970 57354
971 57075
972 57169
973 57919
974 57011
975 57758
976 57207
977 57646
978 57560
979 57613
980 57426
981 57507
982 57347
983 57079
984 57685
985 57482
986 57069
987 57406
988 57079
989 57534
990 57283
991 57181
992 57262
993 57391
994 57527
995 57884
996 57394
997 57339
998 57501
999 57598
