0 57268
1 57653
2 57443
3 57269
4 57465
5 57151
6 57265
7 57579
8 57471
9 57182
10 57318
11 57209
12 57361
13 57636
14 57529
15 57238
16 57415
17 57710
18 57428
19 57557
20 57344
21 57307
22 57750
23 57259
24 57500
25 56925
26 57017
27 57392
28 57480
29 57441
30 57669
31 57259
32 57112
33 57731
34 57611
35 56803
36 57246
37 57463
38 57387
39 57413
40 57463
41 57412
42 57568
43 57670
44 57589
45 57340
46 57154
47 56998
48 57277
49 57219
50 57272
51 57780
52 57156
53 56989
54 57979
55 57571
56 57599
57 57390
58 57337
59 57074
60 56797
61 57560
62 57543
63 57032
64 57325
65 57289
66 57479
67 57699
68 57720
69 57044
70 57129
71 57786
72 57242
73 57165
74 56864
75 57655
76 57524
77 57445
78 57336
79 57540
80 57222
81 56864
82 57215
83 57047
84 57826
85 57562
86 57665
87 57362
88 57421
89 57413
90 57552
91 57286
92 57950
93 56912
94 57587
95 57484
96 57369
97 57346
98 57246
99 57332
100 57369
101 57574
102 57502
103 57245
104 57501
105 57168
106 57126
107 57341
108 57204
109 57597
110 57371
111 58042
112 57264
113 57248
114 56960
115 56608
116 57828
117 57043
118 57973
119 57077
120 57009
121 57278
122 57309
123 57689
124 57233
125 57129
126 57558
127 57415
128 57256
129 57141
130 57785
131 57243
132 57434
133 57435
134 57254
135 57289
136 57703
137 57432
138 57141
139 57425
140 57180
141 57522
142 57418
143 57459
144 57380
145 57575
146 57311
147 56984
148 57325
149 57653
150 56768
151 57414
152 57084
153 57211
154 56999
155 57374
156 57404
157 56782
158 57367
159 57083
160 57296
161 57230
162 57175
163 57217
164 57595
165 57174
166 57725
167 57016
168 57222
169 57815
170 56967
171 57744
172 57163
173 57404
174 57230
175 57187
176 57577
177 57261
178 57474
179 57622
180 57718
181 57361
182 57211
183 57131
184 57367
185 57958
186 57167
187 57697
188 57262
189 57288
190 57239
191 57631
192 57161
193 57127
194 57525
195 57448
196 57485
197 57479
198 57042
199 57559
200 57045
201 57476
202 56912
203 57196
204 56936
205 57538
206 57204
207 57646
208 57330
209 57325
210 57028
211 56965
212 56950
213 57328
214 57135
215 57128
216 57313
217 57247
218 57938
219 57292
220 57202
221 57174
222 57635
223 57037
224 57249
225 57558
226 57293
227 57413
228 57657
229 57244
230 57243
231 57783
232 57469
233 57813
234 57216
235 57102
236 57053
237 57536
238 57303
239 57354
240 57253
241 57416
242 57472
243 57733
244 57242
245 57332
246 57411
247 57261
248 56884
249 57216
250 57129
251 57459
252 57322
253 56952
254 57280
255 57084
256 57342
257 57401
258 57339
259 57112
260 57496
261 57363
262 57066
263 56858
264 57373
265 57327
266 57265
267 57666
268 57719
269 57502
270 57083
271 57354
272 57820
273 57269
274 57609
275 57530
276 57471
277 57186
278 57174
279 57338
280 57360
281 57028
282 57879
283 57393
284 57317
285 57801
286 57478
287 57319
288 57734
289 57215
290 57235
291 57573
292 56836
293 57476
294 57240
295 57305
296 57469
297 57451
298 57307
299 57360
300 57422
301 57513
302 57047
303 57732
304 57185
305 57646
306 57537
307 57204
308 57020
309 57098
310 57457
311 56951
312 57671
313 57754
314 57087
315 56766
316 57338
317 57374
318 57164
319 57307
320 57334
321 56998
322 57724
323 57235
324 57418
325 57060
326 56958
327 57800
328 57243
329 57183
330 57063
331 57639
332 57128
333 57399
334 57173
335 57397
336 57146
337 57502
338 57275
339 57479
340 57384
341 57836
342 57678
343 57368
344 57340
345 57161
346 57273
347 57416
348 57571
349 57458
350 57749
351 57351
352 56973
353 57130
354 57004
355 57347
356 57361
357 57460
358 57088
359 56884
360 57312
361 57682
362 57709
363 57602
364 57485
365 57663
366 57492
367 57363
368 57448
369 56944
370 57303
371 57188
372 57156
373 57363
374 57523
375 57240
376 57207
377 57147
378 57080
379 57425
380 57569
381 57052
382 57456
383 57686
384 57240
385 56836
386 57365
387 57751
388 57225
389 57313
390 57965
391 57568
392 57500
393 56732
394 57430
395 57280
396 57625
397 57823
398 57626
399 56650
400 57192
401 57587
402 57759
403 57081
404 57279
405 57108
406 57249
407 57373
408 57409
409 57444
410 57491
411 57370
412 57360
413 57397
414 57396
415 57676
416 57357
417 57909
418 57241
419 57489
420 57324
421 57151
422 57086
423 57120
424 57525
425 57385
426 57624
427 56830
428 57345
429 57245
430 57844
431 56931
432 57044
433 57255
434 57492
435 57041
436 56818
437 57775
438 57446
439 57337
440 57368
441 57087
442 57241
443 57341
444 57692
445 57747
446 57596
447 57366
448 57411
449 57119
450 57254
451 57594
452 57690
453 57433
454 57302
455 57281
456 57097
457 57108
458 57070
459 56933
460 57117
461 56976
462 57460
463 57173
464 57197
465 57593
466 57421
467 57268
468 57354
469 57295
470 57463
471 57267
472 57051
473 57380
474 57261
475 57282
476 57445
477 57384
478 57146
479 57518
480 56768
481 57309
482 57333
483 57546
484 57479
485 57170
486 57064
487 57026
488 57544
489 57185
490 57258
491 57060
492 57131
493 57295
494 57260
495 57383
496 57530
497 57719
498 57258
499 57632
500 57124
501 57208
502 57461
503 57272
504 56830
505 56875
506 57340
507 57657
508 57076
509 57793
510 57666
511 57630
512 57397
513 57576
514 57476
515 57474
516 57442
517 57061
518 57083
519 57151
520 56926
521 57085
522 57097
523 57553
524 57350
525 57331
526 57045
527 57262
528 57088
529 57358
530 56958
531 57796
532 57232
533 57218
534 57480
535 57089
536 57068
537 57223
538 57865
539 56989
540 57293
541 57334
542 57324
543 57319
544 57625
545 57355
546 57304
547 57354
548 57278
549 57504
550 56997
551 57329
552 57378
553 57424
554 57103
555 57444
556 57647
557 57834
558 57278
559 57696
560 57572
561 57393
562 57459
563 57029
564 57738
565 57292
566 57432
567 57361
568 57499
569 57464
570 57342
571 57258
572 57249
573 57291
574 57554
575 57357
576 57527
577 56921
578 57260
579 57313
580 57257
581 57307
582 57401
583 57261
584 57526
585 57527
586 57932
587 57546
588 57109
589 57469
590 57071
591 57165
592 57230
593 57281
594 57486
595 57184
596 57270
597 57176
598 57138
599 57267
600 57350
601 57249
602 57206
603 56897
604 57589
605 57146
606 57559
607 57502
608 57353
609 57938
610 57613
611 57291
612 57290
613 57538
614 57532
615 57507
616 57436
617 56831
618 57001
619 57087
620 57200
621 57416
622 57219
623 57492
624 57647
625 57278
626 56992
627 57095
628 57646
629 57471
630 57597
631 57298
632 57256
633 57541
634 57441
635 57189
636 57554
637 57607
638 57365
639 57273
640 57510
641 57521
642 57236
643 57702
644 57740
645 57559
646 57335
647 57346
648 57502
649 57737
650 57686
651 57276
652 57435
653 57012
654 57257
655 57523
656 57487
657 56990
658 57122
659 57257
660 57204
661 57284
662 57048
663 57780
664 57256
665 57188
666 57550
667 57225
668 57537
669 57348
670 57469
671 57072
672 57032
673 57041
674 57476
675 57433
676 57385
677 57339
678 56841
679 57516
680 57237
681 57629
682 57466
683 56999
684 57486
685 57867
686 57184
687 57441
688 57577
689 57405
690 57545
691 57643
692 57209
693 57218
694 57609
695 57150
696 57443
697 57433
698 57631
699 57399
700 57464
701 57515
702 56961
703 57152
704 57566
705 57157
706 57181
707 57456
708 57485
709 57386
710 57151
711 57847
712 57450
713 57377
714 57279
715 57298
716 57279
717 57337
718 57270
719 57032
720 57353
721 57103
722 57038
723 57028
724 57351
725 57436
726 56880
727 57429
728 57423
729 57376
730 57467
731 57270
732 57058
733 57123
734 57292
735 57433
736 57390
737 56954
738 57248
739 57543
740 57130
741 57169
742 57441
743 57029
744 57531
745 57272
746 57211
747 57356
748 57370
749 57182
750 57419
751 57195
752 57611
753 57498
754 57716
755 57528
756 57457
757 57707
758 57329
759 57017
760 57725
761 57457
762 57235
763 56876
764 57465
765 57616
766 57154
767 57406
768 57596
769 57462
770 57353
771 57183
772 57354
773 57476
774 57495
775 57494
776 57413
777 57670
778 57469
779 57552
780 57713
781 56950
782 57078
783 56986
784 57043
785 57219
786 57232
787 57432
788 57556
789 57503
790 57271
791 57369
792 57171
793 57405
794 57639
795 57396
796 57460
797 57351
798 57175
799 57296
800 57462
801 57594
802 57511
803 56977
804 56772
805 57642
806 57606
807 57231
808 57288
809 57741
810 57571
811 57498
812 57343
813 57238
814 57135
815 57571
816 57012
817 57455
818 57243
819 57385
820 57055
821 57241
822 57390
823 57398
824 57108
825 57451
826 57472
827 57459
828 57152
829 57347
830 57501
831 57594
832 57527
833 57101
834 57364
835 57093
836 56891
837 56980
838 57610
839 57040
840 57524
841 57186
842 57194
843 57630
844 57380
845 57552
846 56843
847 57589
848 57088
849 57338
850 57316
851 57454
852 56964
853 57193
854 57277
855 57414
856 57473
857 57007
858 57057
859 57391
860 56871
861 56980
862 57324
863 57177
864 57383
865 57465
866 57603
867 57580
868 57333
869 57410
870 57638
871 57431
872 57125
873 56964
874 57062
875 57923
876 57439
877 57295
878 57209
879 57513
880 57023
881 57233
882 57469
883 57475
884 57192
885 57025
886 57395
887 57477
888 57356
889 57603
890 57321
891 57531
892 57155
893 57109
894 57410
895 57158
896 57582
897 57233
898 57503
899 57715
900 57100
901 57059
902 57180
903 57439
904 57359
905 57838
906 57244
907 57192
908 57305
909 57223
910 57234
911 57046
912 57290
913 57084
914 57446
915 57270
916 57401
917 57176
918 57894
919 57089
920 57333
921 57695
922 57229
923 57255
924 57319
925 57270
926 57824
927 57148
928 57275
929 57298
930 57186
931 57217
932 57188
933 57661
934 57001
935 57351
936 58098
937 57521
938 57529
939 57587
940 57324
941 57596
942 57374
943 57074
944 57203
945 57457
946 57692
947 57206
948 57064
949 57482
950 57269
951 57512
952 57205
953 56893
954 57352
955 57262
956 56962
957 57203
958 57289
959 57205
960 57472
961 57151
962 57218
963 57626
964 57070
965 57438
966 56867
967 57401
968 57002
969 57388
970 57056
971 57608
972 56980
973 57559
974 57256
975 57481
976 57573
977 57461
978 57508
979 57052
980 57445
981 56789
982 57384
983 57383
984 57550
985 57356
986 56995
987 57097
988 57333
989 57001
990 57341
991 57183
992 57354
993 57430
994 57441
995 57008
996 57535
997 57174
998 57218
999 57537
